start=2066.405000
fullscreen=yes
aid=1
sid=1
sub-scale=0.400000
