start=1812.625000
volume=130.000000
fullscreen=yes
