start=1353.600000
pause=yes
fullscreen=yes
aid=2
sid=2
sub-scale=0.500000
