start=6363.565542
speed=1.000000
pause=yes
fullscreen=yes
aid=1
sid=1
sub-scale=0.400000
