start=3404.160000
speed=1.331000
pause=yes
fullscreen=yes
aid=1
sid=1
sub-scale=0.400000
