start=4.603475
ontop=no
sub-scale=1.100000
