start=3557.095000
speed=3.797498
fullscreen=yes
sid=1
sub-scale=0.400000
