start=3375.831000
speed=1.771561
fullscreen=yes
aid=1
sid=2
sub-scale=0.400000
ab-loop-a=0.500000
