start=3338.043000
speed=1.464100
mute=no
fullscreen=yes
sid=1
sub-scale=0.400000
