start=2767.640000
speed=1.000000
fullscreen=yes
sid=1
sub-scale=0.400000
