start=12424.510833
pause=yes
fullscreen=yes
sid=1
sub-delay=-0.200000
sub-scale=0.400000
