start=2758.798000
speed=1.948717
fullscreen=yes
sid=1
sub-scale=0.400000
