start=2819.408145
speed=1.610510
pause=yes
fullscreen=yes
sid=1
sub-scale=0.400000
