start=2741.155000
speed=1.771561
fullscreen=yes
sid=1
sub-scale=0.400000
