start=3936.391000
speed=1.948717
pause=yes
fullscreen=no
ontop=no
aid=1
sid=2
sub-scale=0.500000
