start=3463.001000
speed=1.464100
fullscreen=yes
aid=2
sid=1
sub-scale=0.400000
