start=3464.531000
pause=yes
fullscreen=yes
sid=1
sub-scale=0.400000
