start=2733.105000
speed=1.000000
fullscreen=yes
sid=1
sub-scale=0.400000
