start=898.549000
pause=yes
aid=2
sid=1
sub-scale=0.500000
