start=3449.321000
speed=1.464100
brightness=1
sub-scale=0.400000
