start=10.867000
speed=1.948717
fullscreen=yes
