start=5144.723000
pause=yes
fullscreen=yes
sid=2
sub-scale=0.400000
