start=8306.565280
pause=yes
volume=130.000000
aid=1
sid=1
sub-scale=0.400000
