start=10619.150000
volume=130.000000
aid=1
sid=1
sub-scale=0.500000
