start=5599.802000
speed=1.464100
pause=yes
fullscreen=yes
aid=7
sid=1
sub-scale=0.500000
