start=3490.737000
speed=1.771561
fullscreen=yes
sid=1
sub-scale=0.400000
