start=5883.925167
pause=yes
volume=110.000000
fullscreen=yes
sid=1
sub-scale=0.400000
