start=3540.328000
fullscreen=yes
sid=1
sub-scale=0.500000
