start=4310.806000
speed=1.000000
fullscreen=yes
sid=2
sub-delay=-13.300015
sub-scale=0.500000
