start=2915.371000
speed=1.610510
fullscreen=yes
aid=1
sid=1
sub-scale=0.400000
