start=2758.673000
speed=1.610510
fullscreen=yes
sid=1
sub-scale=0.400000
