start=1509.716333
pause=yes
fullscreen=yes
sid=1
sub-scale=0.600000
