start=6427.384000
pause=yes
fullscreen=yes
sid=1
sub-scale=0.400000
