start=5647.657877
speed=1.948717
pause=yes
fullscreen=yes
aid=2
sid=1
sub-scale=0.500000
