start=6835.928161
speed=30.912681
pause=yes
mute=no
fullscreen=yes
aid=1
sid=2
sub-scale=0.400000
