start=1362.000000
pause=yes
volume=88.000000
aid=1
sid=1
sub-scale=0.500000
