start=4328.252181
speed=80.179532
pause=yes
fullscreen=yes
aid=1
sid=1
sub-scale=0.500000
