start=5643.221000
speed=1.610510
pause=yes
fullscreen=yes
aid=1
sid=1
sub-scale=0.400000
