start=5451.279000
speed=3.138428
pause=yes
fullscreen=yes
aid=6
sid=1
sub-scale=0.600000
