start=8844.984000
speed=3.452271
pause=yes
fullscreen=yes
aid=1
sub-scale=0.500000
