start=6686.137792
pause=yes
volume=130.000000
sid=1
sub-scale=0.500000
