start=2161.993167
pause=yes
volume=96.000000
fullscreen=yes
sid=1
sub-scale=0.500000
