start=7220.922042
speed=1.000000
pause=yes
fullscreen=yes
aid=1
sid=2
sub-scale=0.400000
