start=4279.066000
speed=1.771561
fullscreen=yes
sid=1
sub-scale=0.500000
