start=1373.794000
speed=1.610510
pause=yes
fullscreen=yes
sid=1
sub-scale=0.400000
