start=1528.318000
pause=yes
fullscreen=yes
sid=1
sub-scale=0.500000
