start=1530.323000
pause=yes
fullscreen=yes
aid=2
sid=1
sub-scale=0.500000
