start=3865.987000
fullscreen=yes
sid=1
sub-scale=0.500000
