start=3334.600000
speed=1.464100
fullscreen=yes
sid=1
sub-scale=0.400000
