start=6182.713825
speed=3.797498
pause=yes
fullscreen=yes
aid=8
sid=2
sub-scale=0.500000
