start=2468.049000
fullscreen=yes
ontop=no
aid=1
sid=1
sub-scale=0.400000
