start=2025.315000
speed=1.210000
pause=yes
fullscreen=yes
sid=2
sub-scale=0.500000
