start=1515.113333
pause=yes
fullscreen=yes
sid=1
sub-scale=0.600000
