start=1369.924240
speed=1.331000
pause=yes
fullscreen=yes
sid=1
sub-scale=0.400000
