start=3559.181000
speed=5.559917
pause=yes
fullscreen=yes
sid=1
sub-scale=0.400000
