start=8462.752000
speed=1.610510
pause=yes
fullscreen=yes
ontop=no
aid=1
sid=11
sub-scale=0.400000
