start=3312.351000
fullscreen=yes
ontop=no
sid=1
sub-scale=0.500000
