start=3231.360000
speed=1.464100
pause=yes
sid=1
sub-scale=0.400000
