start=8186.218667
pause=yes
fullscreen=yes
sid=1
sub-scale=0.500000
