start=3061.725000
speed=1.771561
fullscreen=yes
sub-scale=0.400000
