start=3258.088000
fullscreen=yes
sid=1
sub-scale=0.500000
