start=1320.009000
pause=yes
fullscreen=yes
sid=1
sub-scale=0.400000
