start=3295.959000
fullscreen=yes
sid=1
sub-scale=0.500000
