start=3425.840000
speed=1.610510
pause=yes
fullscreen=yes
sid=1
sub-scale=0.500000
