start=6126.996000
speed=3.452271
pause=yes
mute=yes
fullscreen=yes
aid=1
sid=1
sub-scale=0.400000
