start=3480.977000
fullscreen=yes
sid=1
sub-scale=0.500000
