start=2791.664000
speed=1.610510
fullscreen=yes
ontop=no
sid=1
sub-scale=0.400000
