start=3.503500
pause=yes
fullscreen=yes
sid=1
sub-delay=-1.900000
sub-scale=0.500000
