start=1376.297000
speed=1.464100
pause=yes
fullscreen=yes
sid=1
sub-scale=0.500000
