start=9368.208000
speed=1.000000
pause=yes
fullscreen=yes
aid=2
sid=1
sub-scale=0.400000
