start=3493.365000
fullscreen=yes
sid=1
sub-scale=0.500000
