start=7473.671922
speed=8.140275
pause=yes
fullscreen=yes
ontop=no
aid=4
sid=1
sub-scale=0.400000
