start=4311.158586
speed=1.948717
pause=yes
fullscreen=yes
aid=1
sid=1
sub-scale=0.400000
