start=4873.869000
pause=yes
volume=66.000000
fullscreen=yes
sid=2
sub-scale=0.400000
