start=3039.495000
speed=1.610510
fullscreen=yes
aid=1
sid=1
sub-scale=0.400000
