start=223.174000
speed=1.464100
pause=yes
fullscreen=yes
aid=2
sid=1
