start=6590.589000
pause=yes
volume=101.000000
fullscreen=yes
aid=1
sid=1
sub-delay=10.800005
sub-scale=0.500000
