start=714.600000
speed=1.610510
pause=yes
volume=94.000000
fullscreen=yes
ontop=no
panscan=0.100000
sub-delay=-43.399910
sub-scale=0.500000
sub-ass-vsfilter-aspect-compat=no
