start=8191.350000
speed=1.000000
pause=yes
fullscreen=yes
aid=1
sid=5
sub-scale=0.400000
