start=3426.360000
speed=1.331000
pause=yes
fullscreen=yes
sid=1
sub-scale=0.500000
