start=2642.223000
speed=1.948717
fullscreen=yes
aid=2
sid=1
sub-scale=0.500000
