start=3357.040000
speed=1.331000
fullscreen=yes
sid=1
sub-scale=0.500000
