start=1753.710000
speed=1.331000
pause=yes
volume=130.000000
fullscreen=yes
aid=1
sid=2
sub-scale=0.500000
