start=3338.794000
speed=4.177248
fullscreen=yes
sid=1
sub-scale=0.400000
