start=3531.778000
speed=1.000000
pause=yes
fullscreen=yes
sid=1
sub-scale=0.400000
