start=6475.114333
pause=yes
fullscreen=yes
sid=1
sub-scale=0.400000
