start=1710.000000
speed=1.210000
pause=yes
fullscreen=yes
sid=1
sub-scale=0.500000
