start=7022.065538
speed=3.138428
pause=yes
fullscreen=yes
ontop=no
aid=6
sid=1
sub-scale=0.400000
