start=3678.383000
speed=1.610510
sid=1
sub-scale=0.400000
