start=187.062000
pause=yes
fullscreen=yes
aid=1
sid=1
sub-scale=0.500000
