start=3306.303000
fullscreen=yes
sid=1
sub-scale=0.500000
