start=6324.443125
pause=yes
volume=130.000000
fullscreen=yes
sid=1
sub-scale=0.400000
