start=544.632000
pause=yes
fullscreen=yes
aid=2
sid=1
sub-scale=0.700000
