start=3483.730000
speed=1.771561
pause=yes
fullscreen=yes
sid=1
sub-scale=0.400000
