start=3454.743000
speed=3.797498
pause=yes
fullscreen=yes
sid=1
sub-scale=0.400000
