start=559.850524
fullscreen=yes
ontop=no
aid=1
sub-scale=0.400000
