start=2758.339000
speed=1.610510
fullscreen=yes
sid=1
sub-scale=0.400000
