start=3975.346000
speed=1.610510
sid=2
sub-scale=0.400000
