start=3169.928799
speed=1.948717
pause=yes
fullscreen=yes
sub-scale=0.400000
