start=490.507000
speed=1.948717
fullscreen=yes
