start=3569.832000
speed=1.464100
pause=yes
fullscreen=no
sid=1
sub-scale=0.500000
