start=5185.215124
speed=1.610510
pause=yes
fullscreen=yes
aid=8
sid=2
sub-scale=0.500000
