start=2847.845000
speed=2.143589
pause=yes
fullscreen=yes
sid=1
sub-scale=0.400000
