start=72.167000
pause=yes
fullscreen=yes
aid=1
sid=1
sub-scale=0.500000
