start=98.557000
aid=4
sid=1
sub-scale=0.400000
