start=3518.140000
speed=1.331000
sid=1
sub-scale=0.400000
