start=5421.724592
speed=100.000000
pause=yes
fullscreen=yes
ontop=no
aid=1
sid=1
sub-scale=0.400000
