start=32.096560
volume=98.000000
