start=10918.973797
speed=37.404343
pause=yes
fullscreen=yes
sid=2
sub-scale=0.600000
