start=7476.969500
pause=yes
fullscreen=yes
aid=1
sid=1
sub-delay=-1.500000
sub-scale=0.400000
