start=3293.165000
speed=1.948717
pause=yes
fullscreen=yes
sid=1
sub-scale=0.400000
