start=2820.067000
speed=1.771561
pause=yes
fullscreen=yes
sub-scale=0.400000
