start=8605.972000
speed=1.000000
pause=yes
fullscreen=yes
aid=1
sid=1
sub-scale=0.500000
