start=2816.814000
speed=1.948717
pause=yes
fullscreen=yes
contrast=-1
sid=1
sub-scale=0.400000
