start=517.757000
pause=yes
fullscreen=yes
aid=2
sid=1
sub-scale=0.500000
