start=31.880000
speed=0.148644
pause=yes
