start=3402.160000
speed=1.331000
fullscreen=yes
sid=1
sub-scale=0.500000
