start=6752.203792
fullscreen=yes
sid=1
sub-scale=0.400000
