start=3175.089000
speed=1.331000
mute=no
fullscreen=yes
sid=1
sub-scale=0.500000
