start=1697.154000
speed=1.100000
pause=yes
fullscreen=yes
sid=1
sub-scale=0.500000
