start=6297.125000
speed=5.054470
pause=yes
fullscreen=yes
aid=1
sid=1
sub-scale=0.500000
