start=8512.918057
pause=yes
fullscreen=yes
sid=1
sub-scale=0.400000
