start=1682.741000
speed=1.464100
pause=yes
fullscreen=yes
aid=2
sid=1
