start=6220.172000
speed=1.771561
pause=yes
fullscreen=yes
aid=4
sid=2
sub-scale=0.500000
