start=7641.592000
pause=yes
volume=95.000000
fullscreen=yes
aid=2
sid=3
sub-scale=0.500000
