start=2762.093000
speed=1.610510
fullscreen=yes
ontop=no
sid=1
sub-scale=0.400000
