start=2879.780105
speed=1.610510
pause=yes
fullscreen=yes
aid=2
sid=1
sub-scale=0.500000
