start=3349.972000
speed=1.771561
fullscreen=yes
aid=1
sid=2
sub-scale=0.400000
