start=1470.344000
speed=3.797498
fullscreen=yes
aid=1
sid=no
sub-scale=0.500000
