start=2982.605000
speed=1.771561
fullscreen=yes
ontop=no
sid=1
sub-scale=0.400000
