start=5595.715000
speed=1.948717
fullscreen=yes
aid=1
sid=1
sub-scale=0.400000
