start=6047.721000
speed=1.000000
pause=yes
volume=88.000000
fullscreen=yes
aid=6
sid=1
sub-scale=0.500000
