start=3502.040000
fullscreen=yes
sid=1
sub-scale=0.500000
