start=1897.312000
speed=1.948717
fullscreen=yes
ontop=no
sid=1
sub-scale=0.400000
