start=5312.557000
pause=yes
fullscreen=yes
aid=3
sid=1
sub-scale=0.400000
