start=3274.563000
speed=3.138428
pause=yes
fullscreen=yes
ontop=no
aid=1
sid=1
sub-scale=0.400000
