start=7883.042000
speed=1.210000
pause=yes
fullscreen=yes
aid=1
sid=1
sub-scale=0.500000
