start=2769.433000
speed=1.610510
fullscreen=yes
sub-scale=0.400000
