start=3978.683000
speed=1.771561
fullscreen=no
sid=1
sub-scale=0.400000
