start=1664.681000
speed=1.610510
pause=yes
fullscreen=yes
aid=2
sid=1
