start=9505.662833
pause=yes
fullscreen=yes
aid=1
sid=1
sub-delay=-15.900024
sub-scale=0.500000
