start=5358.082360
speed=3.138428
pause=yes
fullscreen=yes
sid=1
sub-scale=0.400000
