start=261.183333
speed=1.000000
pause=yes
volume=62.000000
fullscreen=yes
brightness=4
saturation=-1
