start=3334.498000
fullscreen=yes
sid=1
sub-scale=0.500000
