start=6485.041619
speed=3.138428
pause=yes
volume=101.000000
fullscreen=yes
aid=1
sid=1
sub-scale=0.500000
