start=1376.463000
speed=1.464100
pause=yes
fullscreen=yes
sid=1
sub-scale=0.400000
