start=1508.882000
pause=yes
fullscreen=yes
sid=1
sub-scale=0.500000
