start=3430.480534
speed=2.593742
pause=yes
fullscreen=yes
sid=1
sub-scale=0.400000
