start=546.215000
pause=yes
fullscreen=yes
aid=2
sid=1
sub-scale=0.600000
