start=6264.384000
pause=yes
fullscreen=yes
aid=1
sid=2
sub-scale=0.400000
