start=6787.605165
speed=1.000000
pause=yes
fullscreen=yes
sid=1
sub-scale=0.500000
