start=7128.435989
speed=1.771561
pause=yes
fullscreen=yes
aid=1
sid=2
sub-scale=0.500000
