start=4077.051035
speed=21.113777
pause=yes
fullscreen=yes
sid=2
sub-scale=0.400000
