start=3397.269000
speed=1.331000
fullscreen=no
sid=1
sub-scale=0.400000
