start=7149.100000
speed=1.000000
pause=yes
fullscreen=yes
ontop=no
aid=7
sid=2
sub-scale=0.400000
