start=3500.330000
speed=1.610510
pause=yes
fullscreen=yes
sid=1
sub-scale=0.400000
