start=3276.546000
pause=yes
volume=120.000000
fullscreen=yes
aid=1
sid=1
sub-scale=0.600000
