start=3303.760000
speed=1.210000
pause=yes
fullscreen=yes
aid=1
sid=2
sub-scale=0.400000
