start=7151.453820
speed=3.452271
pause=yes
fullscreen=yes
aid=7
sid=2
sub-scale=0.500000
