start=3190.437000
speed=1.331000
mute=no
fullscreen=yes
sid=1
sub-scale=0.400000
