start=0.083417
fullscreen=yes
aid=1
sid=no
sub-scale=0.400000
