start=4321.784000
pause=yes
fullscreen=yes
aid=2
sid=1
sub-scale=0.400000
