start=6932.877000
speed=100.000000
pause=yes
fullscreen=yes
aid=8
sid=1
sub-scale=0.500000
